1 0.550250 0.508603 0.280656 0.152887
1 0.215172 0.531538 0.430344 0.239366
5 0.938117 0.368286 0.006734 0.022300
5 0.907281 0.416221 0.007062 0.011925
5 0.878461 0.395622 0.006047 0.007207
5 0.188625 0.195387 0.019813 0.048568
5 0.867750 0.390692 0.008031 0.020540
5 0.968313 0.423709 0.004188 0.007606
0 0.321078 0.317066 0.309875 0.575258
0 0.595039 0.501197 0.054266 0.320610
0 0.635062 0.511279 0.051562 0.303920
0 0.725297 0.508732 0.071469 0.310657
0 0.815203 0.511244 0.110688 0.433709
0 0.214164 0.511984 0.074516 0.311620
0 0.373437 0.474155 0.030469 0.071315
0 0.300797 0.543932 0.062281 0.218333
0 0.411633 0.472054 0.026297 0.094202
1 0.875945 0.460552 0.056703 0.063873
1 0.918430 0.474918 0.035641 0.053545
1 0.946234 0.471878 0.022094 0.030657
5 0.977477 0.428099 0.006922 0.017559
5 0.962070 0.434413 0.008797 0.011502
0 0.040625 0.508592 0.050375 0.317653
5 0.846836 0.363146 0.007547 0.012582
5 0.935219 0.394390 0.007437 0.022347
5 0.816008 0.195059 0.054234 0.074061
1 0.981305 0.475540 0.031484 0.042066
5 0.911219 0.430880 0.006750 0.010493
5 0.523438 0.280516 0.725000 0.241784