1 0.416469 0.766592 0.094844 0.161061
1 0.465227 0.485743 0.044016 0.060259
1 0.790781 0.500590 0.073719 0.072217
1 0.918805 0.763078 0.162391 0.254080
1 0.523133 0.374410 0.024672 0.027783
1 0.894320 0.579068 0.116766 0.123373
1 0.561258 0.345920 0.010109 0.017406
1 0.743852 0.458785 0.048734 0.064929
1 0.938336 0.435908 0.044109 0.074552
1 0.666117 0.431108 0.037203 0.043868
5 0.257508 0.530059 0.016547 0.024976
1 0.485734 0.425967 0.026687 0.038302
3 0.650227 0.408479 0.010641 0.023278
4 0.594695 0.322465 0.028828 0.039505
4 0.566469 0.314186 0.033406 0.033844
0 0.847430 0.422146 0.006703 0.044717
0 0.902062 0.563715 0.021250 0.025212
1 0.503531 0.394363 0.022250 0.033962
3 0.649758 0.365106 0.009359 0.022429
3 0.637836 0.380802 0.011203 0.020519
0 0.649586 0.391639 0.012734 0.017712
1 0.540734 0.362370 0.019281 0.021250
1 0.500000 0.568396 0.996875 0.575472