2 0.321773 0.816125 0.169359 0.200000
2 0.688477 0.788219 0.127297 0.204979
1 0.485156 0.761875 0.306156 0.259167
1 0.927703 0.660646 0.078438 0.095542
0 0.325703 0.731740 0.116125 0.267563
5 0.341539 0.486417 0.034672 0.126208
5 0.264969 0.299021 0.033281 0.068708
5 0.320258 0.314219 0.016734 0.016229
5 0.386289 0.503479 0.035047 0.071458
0 0.253742 0.606833 0.021359 0.039667
5 0.429953 0.546802 0.033937 0.061854
0 0.541734 0.616448 0.021844 0.039313
0 0.690813 0.702875 0.117094 0.224667
0 0.490508 0.692135 0.041953 0.051854