1 0.251141 0.850644 0.041750 0.040539
1 0.337570 0.848876 0.016234 0.017658
1 0.598023 0.846241 0.022203 0.028735
1 0.184891 0.848946 0.054406 0.049555
1 0.951109 0.840644 0.097312 0.105831
1 0.356875 0.846698 0.014969 0.017658
1 0.227273 0.853091 0.018547 0.033255
5 0.466125 0.503115 0.021531 0.069040
5 0.430539 0.483150 0.019203 0.085176
5 0.463367 0.562494 0.012516 0.049157
5 0.559594 0.528817 0.013344 0.066487
5 0.579219 0.531639 0.018531 0.064543
5 0.700891 0.567014 0.014938 0.068314
5 0.752656 0.591663 0.016188 0.058876
5 0.805086 0.611932 0.018047 0.048267
5 0.328242 0.523244 0.018047 0.060679
5 0.092781 0.475761 0.027656 0.078642
5 0.118711 0.473958 0.020672 0.069696
1 0.387313 0.849297 0.018719 0.018548
1 0.367516 0.845714 0.010344 0.014473
5 0.442188 0.818501 0.096875 0.030445