1 0.823709 0.790450 0.167177 0.090140
1 0.149520 0.870360 0.290090 0.171560
0 0.933198 0.810060 0.123514 0.152640
1 0.772703 0.777800 0.136396 0.093000
1 0.920571 0.741990 0.090991 0.032620
0 0.580195 0.766990 0.066456 0.104100
0 0.637718 0.770780 0.026967 0.076400
0 0.607823 0.764670 0.033003 0.092060
5 0.821141 0.470180 0.060721 0.099680
5 0.265120 0.132250 0.137508 0.263060
5 0.810751 0.567050 0.057477 0.069820
2 0.955465 0.848950 0.068709 0.105340
1 0.857402 0.733790 0.037027 0.020820
1 0.985090 0.771000 0.029820 0.061640
5 0.274204 0.551550 0.053153 0.077460
5 0.939940 0.646780 0.012012 0.023120
5 0.291937 0.247490 0.083634 0.115300
5 0.853363 0.618000 0.013634 0.044680
1 0.689670 0.761810 0.087628 0.069540