3 0.059320 0.758478 0.114720 0.222880
3 0.951150 0.765611 0.097700 0.216984
5 0.113280 0.157092 0.019520 0.096359
5 0.089850 0.154946 0.018780 0.091196
5 0.943600 0.376590 0.033920 0.138288
5 0.926110 0.180938 0.077580 0.104592
5 0.070620 0.352024 0.042480 0.150625
5 0.059570 0.155761 0.034740 0.098315
5 0.910310 0.340367 0.033980 0.119647
0 0.230060 0.524918 0.040840 0.065435
0 0.154510 0.533832 0.020660 0.038750
0 0.126030 0.531739 0.025180 0.044239
0 0.340310 0.541291 0.016620 0.024266
0 0.849540 0.551508 0.027080 0.039049
0 0.201900 0.543560 0.009800 0.021087
0 0.705270 0.549253 0.009060 0.030027
0 0.800840 0.556848 0.011160 0.021522
0 0.880500 0.556576 0.013160 0.023207